radius area area area 
 218.497 133 4844 2992 
 219.995 128 5028 3050 
 435.499 2450 4788 2932 
 219.494 143 4855 2978 
 221.494 2179 4852 2917 
 217.997 185 4859 2925 
 219.995 317 4888 1976 
 219.995 348 4985 2982 
 128 4915 2975 
 238.981 129 4793 2969 
 220.995 1916 4968 2901 
 218.497 114 4892 2706 
 220.995 164 4572 2609 
 220.497 200 4586 2564 
 217.499 196 4565 2472 
 220.995 174 4759 2582 
 229.991 1879 5403 3133 
 219.995 2089 5532 3396 
 217.997 2176 5650 3471 
 221.988 2184 5646 3564 
 220.497 123 5715 3524 
 219.494 2037 5619 3470 
 217.499 1956 5618 3599 
 218.997 118 5634 3567 
 221.494 1646 5673 3706 
 224.488 129 5892 3762 
 218.497 2367 5851 3902 
 219.494 158 5771 3831 
 219.995 2070 5857 3881 
 219.995 2196 6039 4002 
 218.997 2096 6115 4041 
 219.494 1953 5962 4024 
 220.995 134 5933 3919 
 219.995 2457 6027 3862 
 240.493 2220 5995 3867 
 219.995 2258 6009 3884 
 229.486 2225 5984 3881 
 218.997 119 5911 3861 
 220.995 2371 5813 3841 
 229.486 2204 5930 3900 
 220.995 2120 6173 3933 
 220.995 129 6112 4061 
 218.497 2383 6145 4110 
 220.497 2303 6070 4021 
 218.497 2435 6003 3902 
 216.99 2192 6051 3792 
 220.497 2268 5808 3785 
 219.494 2298 5973 3783 
 219.995 2155 5763 3791 
 226.497 2275 5946 3880 
 219.995 118 6262 4184 
 220.995 244 6600 4427 
 225.494 2229 6438 4736 
 219.494 2242 6381 4504 
 218.497 2464 5957 4149 
 222.492 2364 5586 3891 
 224.488 2039 5555 3555 
 219.494 2076 5471 3398 
 220.497 142 5367 3175 
 218.497 2264 5391 3154 
 219.995 122 5140 3120 
 219.494 2109 5004 2864 
 222.997 164 5065 2848 
 220.995 171 5153 2862 
 218.497 114 5055 2793 
 221.988 2233 5029 2747 
 220.497 2399 4937 2638 
 219.494 2634 4895 2660 
 216.492 2575 4927 2544 
 220.497 2462 4793 2445 
 217.997 2530 4821 2550 
 219.995 2011 4842 2423 
 219.995 2333 4778 2329 
 217.997 2709 4662 2242 
 221.494 2505 4473 2260 
 221.494 2482 4584 1260 
 218.997 2809 4679 2065 
 218.497 125 4626 2057 
 219.494 2714 4576 727 
 222.492 2700 4545 1391 
 245.499 2853 4574 2024 
 218.997 363 4731 1629 
 295.499 2716 4660 2169 
 221.494 2830 4554 2108 
 248.985 2656 4279 1020 
 219.494 141 4486 432 
 220.497 290 4582 1108 
 223.485 3000 4808 2106 
 217.499 114 4746 1099 
 227.995 205 4529 934 
 226.997 2541 4273 591 
 220.497 2695 4449 618 
 219.995 2085 4325 934 
 220.497 2388 4392 551 
 217.997 2620 4456 1004 
 220.497 2584 4493 911 
 220.497 2509 4507 569 
 219.995 335 4336 1053 
 217.997 167 4411 1182 
 222.492 2575 4541 2174 
 218.997 2687 4337 1038 
 219.995 2481 4695 953 
 219.995 294 4567 2257 
 219.494 139 4487 2214 
 228.993 2385 4571 1154 
 217.499 2411 4505 1247 
 221.494 2362 4287 625 
 228.475 2227 4265 1009 
 220.995 2141 4243 985 
 218.497 2105 4371 1189 
 220.995 115 4171 921 
 218.497 2417 4577 1515 
 219.995 1810 4484 2323 
 219.494 2062 4439 2267 
 217.997 2243 4297 2234 
 262.998 114 4314 769 
 217.499 222 4171 781 
 216.99 2030 4036 450 
 221.494 1947 4037 1085 
 217.499 2065 4375 1550 
 216.492 2012 4336 1322 
 218.997 2681 4684 2330 
 219.494 2608 4383 2388 
 218.497 2736 4456 906 
 226.997 2597 4358 1942 
 217.997 121 4308 1365 
 218.497 137 4623 1543 
 218.497 2829 4665 2422 
 222.997 2799 4528 2570 
 218.497 2629 4284 2362 
 217.499 2168 4238 2178 
 220.497 2452 4387 2237 
 220.995 181 4709 2192 
 220.497 2386 4417 2344 
 217.499 132 4375 2188 
 217.997 2283 4536 2180 
 220.497 206 4593 2215 
 217.997 127 4358 2237 
 220.497 116 4477 2320 
 217.499 2103 4602 2402 
 220.497 133 4578 2512 
 220.497 2074 4449 2527 
 216.492 2444 4434 2453 
 217.499 2113 4392 2405 
 221.988 169 4395 1465 
 228.475 2005 4531 2314 
 218.997 2314 4489 2315 
 220.995 2317 4488 2434 
 217.499 2089 4551 2561 
 230.484 145 4675 2631 
 222.997 2362 4726 2715 
 217.997 168 4606 2664 
 217.997 2509 4600 2701 
 217.499 2423 4744 1410 
 218.497 126 4820 2949 
 220.497 123 5024 3044 
 432.489 2459 4780 2929 
 218.997 138 4843 2984 
 223.485 2308 4880 2892 
 217.499 184 4864 2905 
 219.494 279 4868 2936 
 219.494 357 4997 3014 
 123 4910 2988 
 238.981 128 4826 2960 
 220.995 1944 4983 2915 
 218.497 112 4891 2734 
 220.995 164 4572 2610 
 220.995 195 4588 2588 
 217.499 201 4542 2474 
 220.995 180 4747 2590 
 229.991 1858 5413 3105 
 219.995 2018 5534 3385 
 218.497 2112 5663 3487 
 221.494 2077 5669 3569 
 219.494 119 5708 3531 
 219.494 1968 5631 3462 
 217.499 1876 5628 3593 
 218.997 125 5635 3573 
 220.995 1612 5668 3710 
 224.488 127 5887 3764 
 218.497 2332 5876 3912 
 219.494 160 5803 3848 
 219.995 2082 5862 3877 
 219.995 2244 6069 3967 
 218.997 2065 6104 4036 
 220.497 1854 5921 4027 
 220.995 129 5951 3929 
 219.995 2343 6014 3873 
 239.993 2159 5998 3852 
 221.988 2135 6026 3893 
 224.975 2105 5982 3864 
 221.494 119 5913 3854 
 218.997 2274 5811 3884 
 229.991 2125 5948 3912 
 220.995 2106 6178 3954 
 220.995 129 6112 4069 
 218.497 2385 6153 4115 
 220.497 2379 6043 3990 
 218.497 2614 6049 3904 
 216.99 2326 5903 3823 
 219.995 2392 5783 3805 
 218.997 2560 5945 3799 
 219.995 2340 5830 3770 
 221.988 2601 6140 3864 
 219.995 118 6223 4215 
 220.995 2131 6571 4411 
 225.494 2531 6474 4761 
 219.995 2571 6378 4487 
 218.997 2766 5980 4155 
 225.494 2540 5614 3891 
 223.986 2248 5557 3541 
 219.494 2324 5480 3428 
 218.497 139 5317 3175 
 218.497 2494 5422 3147 
 219.995 131 5094 3136 
 219.494 2159 4995 2887 
 222.997 159 5053 2851 
 220.995 172 5152 2846 
 218.497 111 5022 2767 
 231.991 2337 5015 2737 
 220.497 2493 4938 2612 
 219.494 2709 4885 2659 
 216.99 2675 4929 2570 
 219.995 2592 4791 2426 
 217.997 2696 4830 2552 
 219.995 2125 4841 2424 
 219.995 2417 4751 2325 
 217.499 2785 4643 2234 
 221.494 2544 4494 2266 
 221.988 2458 4619 1259 
 218.997 2797 4689 2066 
 218.497 123 4627 2054 
 219.494 2617 4545 732 
 222.492 2489 4564 1402 
 245.499 2592 4603 2020 
 218.997 360 4754 2147 
 295.499 2410 4669 2164 
 221.494 2539 4595 2149 
 249.499 2192 4253 748 
 218.997 137 4426 453 
 219.494 246 4611 1099 
 223.986 2621 4763 1104 
 217.997 117 4708 1124 
 227.995 203 4530 947 
 226.997 2245 4265 613 
 220.995 2385 4420 624 
 219.494 1843 4490 941 
 220.497 2183 4425 550 
 216.99 2365 4422 1016 
 219.995 2406 4493 921 
 220.497 2324 4505 577 
 218.997 340 4346 1084 
 217.997 171 4438 1172 
 222.492 2461 4548 2182 
 218.997 2628 4455 1044 
 219.995 2490 4694 1267 
 219.995 297 4431 1403 
 218.997 159 4521 2206 
 228.993 2406 4549 1156 
 217.499 2466 4537 1251 
 220.995 2413 4278 623 
 228.475 2352 4227 1008 
 221.494 2194 4235 970 
 218.497 2173 4379 1185 
 220.995 117 4165 917 
 218.497 2568 4393 1510 
 219.995 2039 4464 2317 
 218.497 2214 4432 1753 
 217.997 2381 4281 2214 
 262.998 111 4449 764 
 216.99 224 4190 779 
 216.99 2173 4058 451 
 220.995 2153 4042 1061 
 217.499 2201 4354 1529 
 216.492 2067 4371 1325 
 218.997 2809 4702 2333 
 218.997 2688 4366 2396 
 219.995 2772 4327 896 
 226.997 2586 4333 2175 
 217.997 119 4314 1363 
 217.997 126 4621 1535 
 218.497 2864 4658 2439 
 222.997 2810 4492 2554 
 218.497 2643 4290 2364 
 217.499 2208 4252 2157 
 220.497 2457 4393 2228 
 220.995 188 4730 2200 
 220.497 2341 4438 2337 
 217.499 129 4369 2189 
 217.997 2219 4515 2230 
 220.497 209 4606 2202 
 217.997 125 4376 2254 
 220.497 115 4505 2320 
 217.499 2031 4751 2398 
 220.995 131 4601 2514 
 219.995 2001 4439 2543 
 216.492 2350 4466 2452 
 216.99 2064 4395 2400 
 221.494 169 4389 1464 
 226.997 1977 4357 2312 
 218.997 2274 4408 2318 
 220.995 2327 4477 2084 
 217.499 2018 4549 2541 
 229.991 146 4668 2598 
 222.997 2331 4755 2733 
 217.997 170 4615 2690 
 217.997 2419 4610 2672 
 218.497 2337 4764 2755 
 218.497 129 4835 2967 
 219.995 118 5021 3045 
 432.992 2451 4749 2937 
 218.997 148 4850 2997 
 223.485 2234 4844 2891 
 218.497 181 4859 2899 
 219.995 288 4881 2923 
 359 4975 2677 
 218.997 121 4884 2981 
 238.48 127 4813 2973 
 220.995 1945 4957 2914 
 218.497 114 4890 2743 
 220.995 162 4557 2605 
 220.497 192 4576 2565 
 216.99 198 4522 2469 
 220.995 2655 4741 2587 
 229.991 2095 5431 3104 
 219.995 2277 5522 3403 
 218.497 2387 5671 3463 
 221.494 2307 5663 3571 
 220.497 120 5701 3524 
 219.494 2224 5631 3475 
 217.499 2035 5610 3598 
 218.997 119 5639 3575 
 221.494 111 5674 3683 
 223.986 130 5905 3760 
 218.497 2380 5855 3901 
 220.497 164 5783 3843 
 219.995 2218 5849 3865 
 220.497 2258 6066 4002 
 218.997 2053 6098 4040 
 219.494 1954 5946 4017 
 220.995 131 5942 3921 
 219.995 112 6017 3856 
 240.493 2235 6003 3864 
 219.494 2172 6001 3875 
 218.997 2146 5984 3884 
 223.485 121 5913 3829 
 218.997 2251 5807 3894 
 229.486 2131 5929 3915 
 222.997 2059 6174 3949 
 221.494 123 6142 4065 
 218.497 2267 6162 4129 
 220.497 2205 6073 3990 
 218.497 2312 5986 3882 
 216.99 2085 5891 3807 
 219.995 2158 5805 3797 
 218.997 2174 5934 3794 
 219.995 2083 5788 3785 
 227.995 2155 5945 3862 
 219.995 121 6252 4188 
 220.995 1703 6598 4445 
 221.988 2059 6485 4737 
 219.494 113 6365 4489 
 218.497 2233 5945 4162 
 225.494 2217 5603 3863 
 223.986 1936 5560 3557 
 219.494 1982 5503 3423 
 218.997 148 5359 3143 
 218.997 2339 5367 3149 
 219.995 125 5119 3130 
 219.494 2079 5017 2903 
 223.986 161 5051 2853 
 220.497 172 5145 2869 
 217.997 112 4984 2781 
 227.499 2414 5012 2754 
 219.995 2551 4918 2613 
 219.494 2812 4887 2661 
 216.99 2831 4945 2526 
 219.995 2728 4797 2441 
 217.997 2823 4841 2557 
 219.995 2241 4850 2414 
 219.995 2628 4756 2320 
 217.997 2988 4680 2252 
 221.494 2722 4469 2262 
 221.988 2708 4588 1269 
 218.997 2954 4678 2072 
 218.497 125 4652 2043 
 219.494 2815 4549 736 
 222.492 2720 4541 1396 
 245.499 2828 4567 1999 
 218.997 364 4718 2138 
 295.499 2663 4714 2174 
 221.494 2748 4564 2117 
 249.499 2547 4303 1025 
 218.997 138 4454 436 
 219.494 301 4596 1097 
 223.986 2891 4787 1120 
 217.997 122 4727 1105 
 227.995 203 4334 953 
 226.997 2478 4273 809 
 220.497 2525 4427 623 
 219.995 1878 4536 957 
 220.497 2293 4436 562 
 217.499 2426 4419 1015 
 219.995 2339 4482 925 
 219.995 2283 4533 573 
 218.997 327 4338 1092 
 217.997 169 4428 1174 
 222.492 2316 4565 2183 
 218.997 2467 4458 1047 
 219.995 2231 4676 1278 
 219.995 291 4410 1397 
 219.494 139 4511 2210 
 228.993 2201 4558 1157 
 217.499 2217 4511 1237 
 220.995 2262 4341 883 
 228.475 2111 4366 642 
 220.995 2028 4240 996 
 217.997 2061 4371 1861 
 220.995 118 4166 914 
 218.497 2359 4393 1517 
 219.995 1827 4485 1136 
 217.997 2080 4428 1750 
 217.997 2312 4274 2223 
 262.998 113 4451 747 
 217.499 233 4181 767 
 216.492 2104 4053 450 
 220.995 2044 4048 1068 
 217.499 2201 4388 1513 
 216.492 2115 4384 1321 
 219.494 2814 4693 2338 
 219.494 2708 4353 2399 
 220.497 2805 4469 1211 
 226.997 2703 4334 2158 
 217.499 119 4284 2164 
 218.497 130 4491 1537 
 218.497 3079 4651 2422 
 223.485 2967 4498 2570 
 218.497 2867 4305 2355 
 217.499 2519 4253 2181 
 220.497 2668 4351 2212 
 220.497 185 4694 2189 
 220.497 2605 4464 2348 
 217.499 128 4363 2184 
 219.494 2519 4562 2189 
 220.497 209 4597 2224 
 217.997 127 4373 2240 
 220.995 113 4493 2313 
 217.997 2287 4751 2396 
 219.995 141 4586 2518 
 219.995 2397 4431 2529 
 216.492 2578 4434 2454 
 217.499 2238 4411 2394 
 221.494 170 4388 1445 
 228.993 2223 4539 2322 
 218.997 2459 4480 1341 
 220.995 2496 4489 2104 
 217.499 2215 4543 2563 
 230.484 142 4674 2597 
 222.492 2321 4756 2714 
 217.997 172 4627 2690 
 217.997 2459 4618 2686 
 217.499 2383 4799 2746 
 218.497 128 4818 2952 
 219.995 118 5021 3046 
 436.498 2448 4786 2935 
 218.997 139 4859 2978 
 221.494 2141 4869 2916 
 217.997 182 4861 2922 
 219.995 298 4878 1963 
 219.494 360 4967 2986 
 218.997 134 4921 2994 
 238.981 129 4796 2963 
 220.995 1817 5006 2909 
 218.497 116 4893 2700 
 220.995 166 4582 2600 
 220.497 195 4583 2548 
 217.499 199 4555 2463 
 220.995 173 4745 2581 
 229.991 1789 5409 3103 
 219.995 134 5539 3401 
 218.497 2097 5627 3473 
 221.988 2183 5641 3577 
 219.995 120 5715 3526 
 219.494 1990 5613 3479 
 216.99 1900 5610 3599 
 218.997 127 5670 3581 
 220.995 113 5677 3688 
 223.986 123 5912 3771 
 218.497 2348 5867 3899 
 219.995 155 5791 3820 
 219.995 2107 5875 3863 
 219.995 2183 6054 3994 
 218.997 2037 6138 4056 
 219.995 1944 5958 4023 
 222.997 127 5922 3934 
 220.995 2427 6035 3878 
 239.993 2196 6010 3857 
 221.494 2262 6023 3884 
 218.997 2279 5988 3863 
 220.497 114 5930 3853 
 221.494 2452 5824 3868 
 229.486 2291 5943 3920 
 222.997 2203 6196 3944 
 221.494 127 6091 4073 
 218.497 2478 6147 4100 
 220.497 2383 6069 4013 
 218.497 2493 6041 3880 
 216.99 2274 6032 3810 
 219.995 2364 5792 3789 
 219.494 2420 5771 3789 
 219.995 2214 5791 3775 
 222.997 2327 5938 3868 
 219.995 112 6251 4180 
 220.995 1643 6645 4420 
 225.494 2242 6480 4721 
 219.995 2284 6382 4511 
 218.997 2501 5936 4145 
 225.494 2372 5584 3871 
 224.488 2077 5554 3554 
 219.494 2097 5380 3427 
 220.497 134 5356 3165 
 218.497 2320 5378 3166 
 219.995 124 5140 3126 
 219.494 2114 5011 2874 
 222.997 159 5053 2866 
 220.497 162 5139 2858 
 218.497 113 4939 2788 
 232.497 2237 5019 2736 
 220.497 2390 4950 2635 
 219.494 2670 4886 2669 
 216.492 2606 4934 2536 
 219.995 2476 4802 2440 
 217.997 2603 4832 2555 
 219.995 2014 4836 2418 
 219.995 2277 4765 2328 
 217.997 2570 4659 2251 
 221.988 2389 4492 2253 
 222.492 2359 4603 1264 
 218.997 2652 4674 2070 
 218.497 126 4614 2058 
 219.494 2580 4544 730 
 222.492 2597 4535 1407 
 245.499 2827 4557 2023 
 218.997 363 4718 2138 
 295.995 2679 4686 2185 
 221.494 2777 4530 2108 
 217.499 2622 4277 727 
 219.494 137 4472 436 
 219.494 219 4598 1097 
 223.485 2949 4798 2115 
 217.499 118 4742 1106 
 227.995 205 4536 940 
 217.997 2511 4273 810 
 220.995 2680 4449 853 
 219.494 2118 4490 937 
 220.497 2456 4401 571 
 216.492 2638 4446 998 
 220.497 2601 4459 905 
 219.995 2560 4515 572 
 219.494 332 4338 1053 
 217.997 169 4407 1173 
 222.492 2578 4528 2160 
 218.997 2734 4452 1041 
 219.995 2558 4696 1287 
 219.995 300 4446 1391 
 219.494 135 4503 1213 
 228.993 2474 4549 1152 
 217.499 2500 4513 1235 
 220.995 2449 4355 883 
 228.475 2254 4244 1012 
 219.494 2205 4233 974 
 218.497 2171 4362 1196 
 220.995 114 4184 920 
 217.997 2421 4370 1518 
 219.995 1842 4467 1158 
 219.494 2079 4428 2269 
 217.997 2231 4223 2235 
 262.998 119 4436 769 
 216.99 224 4165 771 
 216.99 1986 4058 459 
 220.995 1867 4044 1081 
 217.499 1955 4351 1571 
 216.492 1926 4352 1329 
 218.997 2558 4658 2335 
 218.997 2541 4383 2392 
 220.497 2644 4491 915 
 226.997 2410 4352 1955 
 217.997 125 4308 2180 
 218.497 126 4636 1532 
 218.997 2730 4660 2455 
 223.485 2753 4468 2557 
 218.497 2558 4293 2372 
 217.499 2102 4246 2166 
 220.497 2388 4384 2237 
 220.497 196 4699 2179 
 220.497 2310 4434 2334 
 217.499 131 4357 2179 
 217.997 2194 4513 2191 
 220.497 211 4618 2220 
 217.997 129 4361 2240 
 220.995 112 4506 2316 
 217.997 2047 4761 2393 
 219.995 146 4591 2520 
 219.995 2034 4444 2532 
 216.492 2406 4463 2457 
 216.99 2055 4410 2400 
 221.494 170 4387 1463 
 229.486 2060 4513 2314 
 218.997 2290 4480 1354 
 220.995 2301 4477 2431 
 217.499 2103 4554 2555 
 228.993 147 4685 2614 
 221.494 2424 4770 2727 
 217.997 180 4579 2688 
 217.997 2470 4574 2674 
 217.499 2424 4780 2747 
 218.497 132 4819 2933 
 219.995 119 5028 3047 
 435.996 2445 4766 2935 
 218.997 134 4865 2991 
 221.494 2333 4863 2914 
 217.997 185 4871 2928 
 219.494 292 4882 2937 
 219.995 356 4971 2992 
 218.997 148 4896 2996 
 238.981 126 4815 2969 
 220.995 2067 4974 2911 
 218.497 115 4875 2755 
 221.494 163 4581 2586 
 220.497 201 4604 2575 
 217.499 202 4514 2461 
 220.995 180 4751 2592 
 229.991 1908 5400 3112 
 219.995 2064 5536 3420 
 218.497 2179 5654 3467 
 221.988 2174 5646 3567 
 219.995 118 5712 3513 
 219.494 2043 5630 3462 
 217.499 1914 5616 3602 
 218.997 128 5637 3577 
 221.494 1650 5679 3718 
 224.488 126 5899 3749 
 218.997 2311 5842 3916 
 219.995 160 5773 3845 
 219.995 2043 5852 3881 
 220.497 2214 6059 3956 
 218.997 2018 6113 4052 
 219.494 1909 5962 4024 
 220.995 132 5943 3953 
 221.494 112 6032 3885 
 241.499 2203 5993 3883 
 221.988 2212 6009 3888 
 224.975 2096 5981 3873 
 221.494 116 5917 3841 
 218.997 2260 5819 3887 
 229.991 2085 5935 3915 
 221.494 2068 6184 3942 
 221.494 130 6084 4068 
 218.497 2360 6177 4110 
 219.995 2353 6054 4033 
 218.497 2472 6047 3885 
 216.99 2226 6050 3804 
 220.497 2379 5785 3799 
 219.494 2494 5935 3783 
 219.995 2258 5799 3771 
 225.999 2501 6145 3868 
 219.995 120 6201 4193 
 220.995 2009 6566 4435 
 225.494 2521 6471 4772 
 219.995 2547 6405 4501 
 218.497 2707 5970 4144 
 225.494 2567 5603 3868 
 224.488 2278 5551 3534 
 219.494 2366 5499 3419 
 218.497 139 5276 3166 
 218.497 2602 5416 3142 
 219.995 128 5125 3131 
 218.997 2289 5024 2862 
 223.485 206 5087 2852 
 220.995 164 5140 2851 
 218.497 114 5075 2789 
 232.497 2437 5014 2741 
 219.995 2600 4946 2625 
 219.494 2821 4896 2660 
 216.492 2756 4935 2569 
 219.995 2608 4786 2424 
 217.997 2740 4830 2529 
 219.995 2119 4834 2440 
 219.995 2430 4758 2333 
 217.997 2740 4640 2243 
 221.494 2569 4513 2257 
 221.988 2423 4618 2088 
 218.997 2800 4684 2079 
 218.497 120 4612 2052 
 219.494 2630 4545 735 
 222.492 2529 4566 1409 
 245.991 2680 4561 2006 
 218.497 361 4753 2155 
 295.995 2491 4668 2152 
 221.494 2569 4638 2140 
 248.497 2229 4399 1031 
 219.494 141 4484 463 
 219.494 237 4596 1119 
 223.485 2601 4768 1110 
 217.499 122 4728 1138 
 227.995 198 4356 940 
 226.997 2144 4246 1104 
 220.995 2247 4426 849 
 219.494 1707 4506 945 
 220.497 2024 4425 559 
 216.99 2180 4437 1020 
 220.497 2221 4484 933 
 220.497 2124 4393 577 
 218.997 332 4331 1069 
 217.997 170 4434 1177 
 222.492 2309 4563 2179 
 218.997 2497 4459 1044 
 219.995 2421 4680 953 
 219.995 291 4445 1401 
 218.997 140 4503 2219 
 228.993 2339 4535 1155 
 217.499 2379 4529 1232 
 220.995 2331 4283 620 
 228.475 2225 4274 1003 
 221.494 2071 4241 978 
 218.497 2117 4386 1172 
 220.995 118 4179 897 
 218.497 2479 4403 1490 
 219.995 1963 4456 1152 
 219.494 2226 4412 1777 
 217.997 2422 4286 2235 
 262.998 117 4432 763 
 216.99 225 4186 776 
 216.99 2208 4034 445 
 221.494 2170 4036 1061 
 217.997 2237 4182 1533 
 216.99 2124 4345 1322 
 218.997 2853 4703 2075 
 219.494 2728 4363 2390 
 217.997 2874 4358 901 
 226.997 2794 4320 2165 
 217.499 125 4311 2161 
 218.497 133 4581 2242 
 218.497 3082 4642 2435 
 223.485 3017 4512 2586 
 217.997 2900 4303 2364 
 217.499 2436 4251 2183 
 220.497 2554 4383 2223 
 220.497 183 4704 2192 
 220.497 2458 4439 2355 
 217.499 129 4382 2182 
 219.494 2262 4503 2211 
 220.497 204 4622 2195 
 217.997 132 4380 2244 
 220.995 115 4496 2312 
 217.997 2104 4752 2414 
 219.995 129 4572 2518 
 219.995 2090 4432 2532 
 216.492 2394 4448 2452 
 216.99 2024 4389 2401 
 221.494 159 4394 1461 
 226.497 1971 4510 2319 
 218.997 2240 4438 2318 
 220.995 2315 4496 2411 
 217.499 2048 4549 2569 
 229.991 143 4674 2629 
 222.997 2343 4750 2722 
 217.997 175 4608 2686 
 218.497 2439 4615 2675 
 218.497 2434 4773 2757 
 218.497 131 4848 2978 
 117 5043 3047 
 433.499 2424 4768 2915 
 219.494 140 4857 3001 
 223.485 2165 4877 2890 
 217.997 185 4860 2903 
 219.995 324 4897 2928 
 219.995 353 4944 2681 
 219.494 137 4895 2989 
 238.981 130 4812 2974 
 221.494 1883 4969 2939 
 217.997 112 4903 2742 
 221.494 163 4582 2607 
 220.497 198 4583 2558 
 216.99 202 4518 2479 
 220.995 175 4762 2585 
 229.991 611 5411 3131 
 219.995 2185 5530 3413 
 218.497 2356 5666 3467 
 221.988 2227 5673 3577 
 220.497 124 5713 3542 
 219.995 114 5649 3465 
 217.499 2000 5654 3601 
 218.997 123 5597 3574 
 218.997 111 5662 3697 
 224.488 133 5895 3772 
 218.497 2473 5863 3906 
 219.494 160 5782 3825 
 219.995 2217 5877 3862 
 219.995 2252 6071 4018 
 218.997 2084 6105 4045 
 219.995 1927 5957 4017 
 220.995 128 5932 3899 
 219.995 112 6012 3856 
 240.493 2247 6005 3857 
 219.995 2167 6000 3861 
 218.997 2155 5985 3894 
 220.497 117 5905 3833 
 218.997 2329 5823 3864 
 229.486 2163 5963 3921 
 222.492 2098 6142 3947 
 221.494 133 6111 4069 
 218.497 2386 6160 4116 
 219.995 2285 6065 3987 
 218.497 2409 5995 3908 
 216.99 2157 6053 3807 
 220.497 2228 5813 3814 
 218.997 2205 5943 3803 
 219.995 2052 5770 3774 
 221.988 2172 5959 3870 
 219.995 111 6261 4194 
 220.995 1781 6600 4440 
 225.494 2117 6464 4734 
 219.995 116 6359 4512 
 218.997 2348 5961 4131 
 225.494 2310 5564 3879 
 223.986 1812 5573 3562 
 219.494 1963 5477 3428 
 220.497 142 5379 3163 
 218.997 2129 5368 3146 
 219.995 127 5121 3124 
 219.494 1986 4982 2880 
 223.986 164 5064 2853 
 220.995 162 5158 2837 
 218.497 112 4998 2782 
 230.484 2256 5031 2747 
 219.995 2449 4939 2628 
 219.494 2737 4908 2657 
 216.99 2740 4949 2529 
 220.497 2623 4812 2440 
 217.997 2755 4841 2552 
 219.995 2161 4827 2422 
 219.995 2490 4760 2325 
 217.997 2871 4690 2264 
 221.494 2676 4523 2261 
 222.492 2633 4584 1265 
 218.997 2891 4681 2072 
 218.497 123 4638 2037 
 219.494 2859 4560 730 
 222.492 2801 4544 1396 
 245.991 2993 4569 2018 
 218.497 368 4726 2148 
 295.995 2665 4683 2163 
 221.494 2843 4546 2099 
 249.499 2657 4402 1021 
 218.997 141 4429 434 
 220.497 302 4599 1098 
 224.488 2871 4805 1124 
 217.997 115 4741 1105 
 227.995 205 4546 929 
 226.497 2534 4289 803 
 220.497 2645 4444 693 
 219.995 2038 4494 930 
 220.497 2365 4406 541 
 217.997 2540 4426 1006 
 219.995 2515 4513 906 
 219.995 2412 4504 574 
 218.997 334 4327 1060 
 217.499 169 4450 1175 
 222.492 2387 4560 2171 
 218.997 2553 4478 1042 
 219.995 2332 4668 1272 
 219.995 292 4456 1406 
 219.494 139 4513 2204 
 228.993 2300 4564 1161 
 217.499 2289 4513 1227 
 220.995 2275 4341 617 
 228.475 2056 4241 1010 
 220.995 2008 4238 983 
 218.497 2047 4384 1182 
 220.995 118 4193 923 
 218.497 2342 4377 1503 
 219.995 1815 4484 1516 
 219.494 2105 4432 1764 
 218.497 2319 4276 2210 
 262.998 2084 4447 743 
 216.99 222 4182 763 
 216.99 2114 4052 441 
 221.494 2001 4050 1062 
 217.499 2138 4367 1513 
 216.492 2086 4368 1318 
 219.494 2758 4698 2336 
 219.494 2633 4363 2398 
 217.997 2744 4489 892 
 226.997 2653 4325 2153 
 217.499 122 4298 2154 
 218.497 122 4486 2243 
 218.997 2973 4659 2435 
 222.997 2876 4517 2580 
 218.497 2808 4305 2367 
 216.99 2427 4269 2180 
 220.497 2632 4360 2219 
 220.995 189 4704 2194 
 220.497 2485 4451 2341 
 216.99 126 4366 2181 
 217.997 2436 4555 2196 
 220.497 212 4579 2202 
 217.499 127 4368 2248 
 220.995 116 4492 2322 
 217.997 2314 4742 2387 
 220.995 135 4564 2525 
 220.497 2353 4439 2534 
 216.492 2581 4604 2451 
 216.99 2225 4409 2404 
 221.988 170 4387 1477 
 229.486 2148 4518 2322 
 218.997 2421 4463 2321 
 220.995 2475 4472 2431 
 217.499 2196 4556 2563 
 229.991 149 4685 2631 
 223.485 2410 4768 2707 
 217.997 173 4615 2677 
 218.497 2504 4617 2683 
 217.499 2424 4778 2750 
 218.497 129 4857 2942 
 219.995 118 5003 3039 
 437.499 2428 4778 2932 
 218.997 140 4843 3002 
 220.995 2193 4871 2886 
 217.499 184 4861 2930 
 219.494 302 4882 1961 
 219.494 369 4980 2988 
 218.997 147 4933 2968 
 238.981 124 4786 2980 
 220.995 1856 4995 2914 
 218.497 1836 4876 2717 
 220.995 161 4586 2608 
 220.497 196 4599 2548 
 216.99 196 4537 2467 
 220.995 181 4763 2582 
 229.991 1742 5416 3127 
 219.995 1914 5536 3393 
 217.997 2083 5645 3481 
 221.494 2071 5643 3576 
 220.497 121 5713 3530 
 219.494 1990 5623 3460 
 216.99 1905 5626 3605 
 218.997 120 5658 3578 
 220.995 1571 5677 3688 
 223.986 124 5903 3761 
 218.497 2294 5838 3898 
 219.995 158 5757 3828 
 218.497 2064 5875 3867 
 220.497 2184 6068 4003 
 218.997 2008 6124 4024 
 219.494 1912 5951 4010 
 220.995 125 5923 3919 
 221.494 2382 6016 3858 
 239.993 2168 6017 3841 
 221.988 2235 6024 3882 
 229.486 2145 5977 3863 
 219.995 122 5904 3842 
 220.995 2375 5820 3891 
 229.486 2239 5933 3913 
 222.997 2176 6176 3948 
 221.494 125 6100 4062 
 218.497 2484 6164 4125 
 219.995 2452 6082 4006 
 218.497 2644 6051 3893 
 216.492 2390 5912 3801 
 219.995 2452 5775 3789 
 218.997 2566 5943 3795 
 219.995 2284 5805 3769 
 221.988 2464 6143 3869 
 219.995 112 6231 4191 
 220.995 114 6581 4425 
 225.494 2303 6473 4719 
 219.995 114 6369 4494 
 218.497 2569 5970 4141 
 225.494 2389 5570 3849 
 223.986 2079 5565 3564 
 219.494 2121 5393 3426 
 220.497 140 5375 3164 
 218.497 2374 5394 3129 
 219.995 127 5107 3104 
 219.494 2118 5014 2890 
 222.997 162 5047 2850 
 220.497 171 5150 2862 
 218.497 114 5000 2790 
 230.484 2279 5032 2745 
 219.995 2418 4957 2623 
 219.995 2706 4885 2669 
 216.99 2611 4920 2541 
 219.995 2522 4780 2444 
 217.997 2600 4821 2561 
 219.995 2034 4844 2422 
 219.995 2336 4756 2326 
 217.997 2672 4647 2253 
